3.705409773317047128e-01
2.784349974662020943e-01
2.444088492473249219e-01
2.571543656815764023e-01
1.619938769591688366e-01
1.914108179986099556e-01
1.667754276913979428e-01
1.827016116510392363e-01
1.506144421027678926e-01
1.616991677354998325e-01
1.924107397704077071e-01
1.597014947334730317e-01
1.255469805494126845e-01
1.317700850800896106e-01
1.274998237913701760e-01
1.441464637737633891e-01
1.345744312157191314e-01
1.091842170324883871e-01
6.933095041732253994e-02
2.408884134451623818e-02
6.939155796471442594e-02
4.238602459328590089e-02
3.352808057215616450e-02
5.164644530716284293e-02
2.757743286939233485e-02
2.473794704393929983e-02
3.016492189756085976e-02
2.244923993358869524e-02
4.130256783874917265e-02
3.269703994131695907e-02
2.979046617841445491e-02
2.098061064367240727e-02
2.187344816178353468e-02
1.835633300011079577e-02
3.420882527988416966e-02
