3.705409888714791267e-01
2.872181761025078273e-01
3.322002489189525010e-01
3.404382993453559658e-01
3.215886862412866698e-01
2.041564656190908433e-01
2.024232157552901257e-01
2.271153175107215039e-01
2.495021800191062900e-01
2.323727869092233889e-01
1.840410524368098211e-01
1.835542897732499179e-01
1.441625172889354212e-01
1.374141134482103344e-01
1.432351966273700816e-01
1.263858571348496496e-01
1.182660043853175635e-01
7.659131518689181461e-02
4.536144953333783730e-02
3.982818675290296373e-02
3.837227363610515307e-02
1.342590251141601299e-01
2.198189668881981029e-01
2.545920596061016505e-01
2.281370931856986917e-01
2.386288088682039232e-01
2.426846301908241743e-01
3.094285080046574321e-01
3.207141886954349985e-01
3.055944586435283550e-01
3.080749690434976817e-01
2.700462183088359613e-01
2.542439755302841053e-01
2.005989195124637803e-01
1.974923188744902858e-01
